0 6 
1 0 
2 3 
3 0 
4 1 
5 0 
6 2 
7 3 
8 2 
9 0 
10 0 
11 3 
12 3 
13 1 
14 0 
15 6 
16 4 
17 0 
18 0 
19 5 
20 2 
21 0 
22 5 
23 7 
24 0 
25 3 
26 2 
27 3 
28 0 
29 0 
30 1 
31 4 
32 2 
33 3 
34 1 
35 3 
36 3 
37 1 
38 0 
39 4 
40 3 
41 6 
42 0 
43 1 
44 3 
45 3 
46 5 
47 0 
48 4 
49 0 
50 1 
51 2 
52 3 
53 1 
54 0 
55 1 
56 0 
57 0 
58 1 
59 5 
60 5 
61 1 
62 2 
63 6 
64 3 
65 3 
66 5 
67 2 
68 3 
69 2 
70 2 
71 2 
72 4 
73 0 
74 2 
75 2 
76 0 
77 2 
78 4 
79 1 
80 0 
81 2 
82 0 
83 5 
84 0 
85 0 
86 2 
87 4 
88 0 
89 1 
90 1 
91 3 
92 3 
93 0 
94 3 
95 2 
96 3 
97 1 
98 0 
99 1 
100 1 
101 0 
102 1 
103 3 
104 1 
105 0 
106 1 
107 2 
108 3 
109 0 
110 3 
111 1 
112 3 
113 2 
114 3 
115 5 
116 1 
117 1 
118 2 
119 0 
120 0 
121 4 
122 1 
123 3 
124 5 
125 3 
126 1 
127 0 
128 1 
129 3 
130 1 
131 1 
132 0 
133 1 
134 1 
135 5 
136 4 
137 1 
138 8 
139 2 
140 0 
141 3 
142 1 
143 7 
144 2 
145 0 
146 3 
147 3 
148 1 
149 3 
150 0 
151 2 
152 1 
153 1 
154 3 
155 5 
156 1 
157 1 
158 0 
159 3 
160 2 
161 1 
162 0 
163 2 
164 3 
165 0 
166 0 
167 3 
168 3 
169 2 
170 3 
171 4 
172 0 
173 1 
174 1 
175 1 
176 1 
177 0 
178 0 
179 0 
180 2 
181 0 
182 2 
183 0 
184 1 
185 1 
186 1 
187 4 
188 3 
189 0 
190 0 
191 2 
192 8 
193 0 
194 0 
195 3 
196 1 
197 1 
198 5 
199 3 
200 3 
201 2 
202 2 
203 2 
204 6 
205 1 
206 2 
207 4 
208 6 
209 0 
210 5 
211 3 
212 3 
213 1 
214 3 
215 2 
216 2 
217 0 
218 4 
219 2 
220 1 
221 3 
222 2 
223 3 
224 1 
225 3 
226 0 
227 3 
228 1 
229 0 
230 1 
231 4 
232 1 
233 0 
234 1 
235 3 
236 3 
237 0 
238 2 
239 2 
240 2 
241 0 
242 2 
243 0 
244 0 
245 1 
246 5 
247 5 
248 4 
249 3 
250 0 
251 4 
252 0 
253 1 
254 1 
255 3 
256 3 
257 1 
258 1 
259 0 
260 3 
261 0 
262 1 
263 4 
264 2 
265 2 
266 3 
267 5 
268 2 
269 2 
270 3 
271 5 
272 1 
273 2 
274 6 
275 3 
276 5 
277 1 
278 0 
279 4 
280 0 
281 0 
282 0 
283 2 
284 2 
285 4 
286 7 
287 2 
288 4 
289 1 
290 2 
291 3 
292 2 
293 2 
294 6 
295 1 
296 1 
297 1 
298 2 
299 6 
300 4 
301 1 
302 0 
303 4 
304 3 
305 1 
306 1 
307 5 
308 4 
309 2 
310 1 
311 4 
312 0 
313 2 
314 2 
315 2 
316 4 
317 3 
318 2 
319 2 
320 2 
321 0 
322 0 
323 3 
324 2 
325 0 
326 2 
327 4 
328 2 
329 2 
330 2 
331 2 
332 2 
333 3 
334 0 
335 5 
336 0 
337 0 
338 4 
339 2 
340 3 
341 2 
342 3 
343 3 
344 0 
345 1 
346 0 
347 5 
348 6 
349 3 
350 2 
351 3 
352 2 
353 4 
354 2 
355 2 
356 3 
357 2 
358 3 
359 1 
360 8 
361 0 
362 3 
363 5 
364 0 
365 0 
366 2 
367 4 
368 0 
369 0 
370 0 
371 0 
372 1 
373 0 
374 0 
375 2 
376 5 
377 1 
378 3 
379 0 
380 2 
381 4 
382 2 
383 1 
384 6 
385 0 
386 1 
387 1 
388 1 
389 0 
390 4 
391 2 
392 2 
393 4 
394 3 
395 2 
396 4 
397 1 
398 1 
399 4 
400 4 
401 0 
402 0 
403 6 
404 3 
405 0 
406 3 
407 3 
408 2 
409 0 
410 4 
411 5 
412 2 
413 1 
414 0 
415 5 
416 4 
417 2 
418 1 
419 0 
420 4 
421 3 
422 1 
423 2 
424 2 
425 4 
426 6 
427 5 
428 0 
429 1 
430 3 
431 2 
432 2 
433 4 
434 0 
435 3 
436 0 
437 3 
438 2 
439 0 
440 1 
441 0 
442 2 
443 3 
444 1 
445 4 
446 4 
447 0 
448 0 
449 3 
450 6 
451 1 
452 1 
453 0 
454 1 
455 3 
456 3 
457 0 
458 0 
459 1 
460 1 
461 0 
462 1 
463 2 
464 3 
465 0 
466 3 
467 2 
468 2 
469 0 
470 1 
471 2 
472 4 
473 1 
474 6 
475 0 
476 3 
477 0 
478 4 
479 1 
480 1 
481 0 
482 3 
483 4 
484 2 
485 1 
486 3 
487 2 
488 1 
489 0 
490 6 
491 2 
492 1 
493 1 
494 4 
495 1 
496 3 
497 0 
498 1 
499 3 
500 2 
501 3 
502 2 
503 0 
504 5 
505 1 
506 0 
507 1 
508 0 
509 0 
510 2 
511 6 
512 2 
513 0 
514 1 
515 0 
516 2 
517 0 
518 0 
519 6 
520 3 
521 0 
522 0 
523 0 
524 3 
525 1 
526 5 
527 5 
528 1 
529 1 
530 3 
531 1 
532 0 
533 2 
534 1 
535 3 
536 4 
537 2 
538 1 
539 5 
540 5 
541 1 
542 0 
543 2 
544 0 
545 1 
546 2 
547 2 
548 4 
549 2 
550 4 
551 2 
552 1 
553 0 
554 3 
555 3 
556 1 
557 4 
558 2 
559 1 
560 7 
561 6 
562 4 
563 2 
564 7 
565 0 
566 2 
567 1 
568 3 
569 0 
570 3 
571 3 
572 4 
573 4 
574 3 
575 2 
576 0 
577 0 
578 5 
579 0 
580 3 
581 1 
582 4 
583 1 
584 3 
585 2 
586 3 
587 2 
588 0 
589 2 
590 3 
591 0 
592 1 
593 3 
594 2 
595 1 
596 0 
597 1 
598 0 
599 5 
600 5 
601 0 
602 5 
603 4 
604 2 
605 3 
606 6 
607 7 
608 1 
609 1 
610 6 
611 4 
612 4 
613 0 
614 2 
615 5 
616 1 
617 3 
618 2 
619 2 
620 4 
621 1 
622 2 
623 1 
624 4 
625 0 
626 2 
627 5 
628 4 
629 1 
630 3 
631 2 
632 0 
633 3 
634 2 
635 5 
636 4 
637 2 
638 8 
639 3 
640 0 
641 1 
642 2 
643 4 
644 0 
645 2 
646 5 
647 3 
648 1 
649 0 
650 0 
651 6 
652 2 
653 0 
654 6 
655 1 
656 0 
657 0 
658 5 
659 5 
660 1 
661 1 
662 3 
663 3 
664 2 
665 0 
666 1 
667 1 
668 4 
669 0 
670 4 
671 2 
672 2 
673 1 
674 0 
675 4 
676 4 
677 0 
678 1 
679 3 
680 2 
681 0 
682 1 
683 1 
684 2 
685 6 
686 3 
687 5 
688 1 
689 0 
690 0 
691 3 
692 4 
693 0 
694 3 
695 2 
696 2 
697 2 
698 1 
699 3 
700 2 
701 2 
702 4 
703 5 
704 1 
705 1 
706 0 
707 2 
708 0 
709 1 
710 2 
711 2 
712 4 
713 2 
714 0 
715 3 
716 3 
717 0 
718 5 
719 3 
720 1 
721 0 
722 2 
723 1 
724 3 
725 1 
726 4 
727 4 
728 5 
729 1 
730 2 
731 2 
732 5 
733 1 
734 1 
735 3 
736 4 
737 0 
738 2 
739 3 
740 2 
741 0 
742 5 
743 1 
744 4 
745 0 
746 1 
747 3 
748 2 
749 1 
750 2 
751 4 
752 2 
753 0 
754 2 
755 4 
756 1 
757 2 
758 2 
759 1 
760 2 
761 2 
762 3 
763 2 
764 3 
765 1 
766 4 
767 2 
768 2 
769 2 
770 3 
771 1 
772 4 
773 0 
774 2 
775 1 
776 1 
777 0 
778 1 
779 3 
780 3 
781 2 
782 2 
783 1 
784 1 
785 0 
786 0 
787 0 
788 0 
789 3 
790 2 
791 0 
792 2 
793 1 
794 2 
795 2 
796 2 
797 1 
798 0 
799 3 
800 1 
801 0 
802 4 
803 2 
804 2 
805 0 
806 0 
807 5 
808 2 
809 1 
810 2 
811 2 
812 2 
813 0 
814 0 
815 2 
816 2 
817 2 
818 0 
819 1 
820 3 
821 1 
822 2 
823 3 
824 0 
825 0 
826 2 
827 3 
828 2 
829 1 
830 3 
831 8 
832 2 
833 0 
834 0 
835 1 
836 1 
837 0 
838 2 
839 4 
840 1 
841 1 
842 3 
843 4 
844 4 
845 0 
846 3 
847 1 
848 1 
849 2 
850 1 
851 3 
852 3 
853 1 
854 2 
855 3 
856 0 
857 0 
858 2 
859 0 
860 7 
861 2 
862 2 
863 4 
864 3 
865 1 
866 0 
867 4 
868 0 
869 0 
870 2 
871 1 
872 2 
873 2 
874 0 
875 5 
876 0 
877 0 
878 0 
879 3 
880 1 
881 4 
882 2 
883 4 
884 2 
885 0 
886 0 
887 6 
888 4 
889 2 
890 1 
891 1 
892 0 
893 1 
894 2 
895 1 
896 1 
897 0 
898 0 
899 1 
900 0 
901 2 
902 2 
903 6 
904 0 
905 0 
906 3 
907 0 
908 1 
909 1 
910 1 
911 1 
912 0 
913 2 
914 3 
915 2 
916 2 
917 0 
918 1 
919 2 
920 3 
921 1 
922 0 
923 6 
924 1 
925 1 
926 4 
927 3 
928 1 
929 0 
930 1 
931 4 
932 6 
933 1 
934 2 
935 3 
936 0 
937 0 
938 3 
939 1 
940 0 
941 2 
942 4 
943 1 
944 1 
945 0 
946 3 
947 5 
948 1 
949 4 
950 4 
951 5 
952 2 
953 1 
954 1 
955 1 
956 1 
957 2 
958 1 
959 1 
960 2 
961 0 
962 0 
963 2 
964 1 
965 2 
966 4 
967 4 
968 3 
969 3 
970 1 
971 6 
972 3 
973 2 
974 1 
975 6 
976 2 
977 2 
978 0 
979 0 
980 2 
981 0 
982 2 
983 2 
984 4 
985 6 
986 2 
987 2 
988 1 
989 2 
990 0 
991 0 
992 4 
993 0 
994 2 
995 3 
996 3 
997 3 
998 1 
999 0 
1000 3 
1001 0 
1002 3 
1003 0 
1004 5 
1005 0 
1006 1 
1007 3 
1008 4 
1009 1 
1010 1 
1011 4 
1012 1 
1013 2 
1014 3 
1015 5 
1016 3 
1017 1 
1018 3 
1019 4 
1020 0 
1021 2 
1022 0 
1023 3 
1024 1 
1025 2 
1026 1 
1027 1 
1028 4 
1029 0 
1030 2 
1031 4 
1032 3 
1033 1 
1034 1 
1035 3 
1036 1 
1037 0 
1038 4 
1039 3 
1040 0 
1041 2 
1042 5 
1043 3 
1044 2 
1045 1 
1046 1 
1047 6 
1048 4 
1049 3 
1050 1 
1051 3 
1052 3 
1053 1 
1054 2 
1055 4 
1056 0 
1057 0 
1058 1 
1059 1 
1060 0 
1061 2 
1062 0 
1063 4 
1064 3 
1065 2 
1066 0 
1067 4 
1068 0 
1069 5 
1070 5 
1071 2 
1072 3 
1073 0 
1074 1 
1075 1 
1076 2 
1077 1 
1078 2 
1079 4 
1080 3 
1081 3 
1082 4 
1083 4 
1084 2 
1085 3 
1086 2 
1087 3 
1088 0 
1089 2 
1090 4 
1091 4 
1092 2 
1093 0 
1094 4 
1095 7 
1096 4 
1097 0 
1098 3 
1099 3 
1100 3 
1101 1 
1102 1 
1103 3 
1104 0 
1105 0 
1106 4 
1107 2 
1108 1 
1109 1 
1110 4 
1111 0 
1112 0 
1113 0 
1114 2 
1115 5 
1116 2 
1117 0 
1118 3 
1119 1 
1120 4 
1121 2 
1122 1 
1123 5 
1124 1 
1125 1 
1126 2 
1127 4 
1128 1 
1129 0 
1130 1 
1131 3 
1132 0 
1133 3 
1134 2 
1135 3 
1136 2 
1137 0 
1138 2 
1139 0 
1140 2 
1141 0 
1142 3 
1143 5 
1144 3 
1145 1 
1146 5 
1147 2 
1148 5 
1149 0 
1150 2 
1151 3 
1152 3 
1153 0 
1154 4 
1155 1 
1156 9 
1157 0 
1158 6 
1159 4 
1160 1 
1161 1 
1162 8 
1163 0 
1164 4 
1165 1 
1166 5 
1167 1 
1168 1 
1169 0 
1170 3 
1171 3 
1172 2 
1173 2 
1174 3 
1175 1 
1176 0 
1177 5 
1178 1 
1179 4 
1180 2 
1181 3 
1182 6 
1183 4 
1184 3 
1185 1 
1186 0 
1187 3 
1188 0 
1189 0 
1190 1 
1191 0 
1192 1 
1193 0 
1194 2 
1195 1 
1196 6 
1197 0 
1198 2 
1199 0 
1200 4 
1201 1 
1202 0 
1203 1 
1204 1 
1205 1 
1206 2 
1207 0 
1208 0 
1209 1 
1210 1 
1211 4 
1212 2 
1213 2 
1214 4 
1215 1 
1216 1 
1217 0 
1218 5 
1219 5 
1220 1 
1221 2 
1222 3 
1223 2 
1224 0 
1225 2 
1226 3 
1227 0 
1228 1 
1229 1 
1230 4 
1231 0 
1232 1 
1233 0 
1234 0 
1235 1 
1236 0 
1237 3 
1238 5 
1239 4 
1240 0 
1241 2 
1242 0 
1243 5 
1244 2 
1245 2 
1246 4 
1247 0 
1248 4 
1249 2 
1250 1 
1251 4 
1252 0 
1253 3 
1254 4 
1255 0 
1256 1 
1257 0 
1258 0 
1259 1 
1260 5 
1261 2 
1262 1 
1263 2 
1264 2 
1265 0 
1266 2 
1267 3 
1268 2 
1269 2 
1270 3 
1271 2 
1272 4 
1273 1 
1274 6 
1275 2 
1276 3 
1277 0 
1278 3 
1279 3 
1280 4 
1281 1 
1282 4 
1283 5 
1284 0 
1285 2 
1286 2 
1287 4 
1288 1 
1289 4 
1290 3 
1291 2 
1292 2 
1293 2 
1294 3 
1295 3 
1296 4 
1297 1 
1298 0 
1299 2 
1300 4 
1301 0 
1302 4 
1303 2 
1304 2 
1305 3 
1306 0 
1307 6 
1308 1 
1309 5 
1310 7 
1311 1 
1312 1 
1313 2 
1314 3 
1315 2 
1316 1 
1317 2 
1318 1 
1319 2 
1320 2 
1321 1 
1322 2 
1323 0 
1324 0 
1325 1 
1326 2 
1327 3 
1328 3 
1329 2 
1330 0 
1331 0 
1332 1 
1333 0 
1334 2 
1335 3 
1336 2 
1337 0 
1338 5 
1339 8 
1340 4 
1341 3 
1342 6 
1343 3 
1344 1 
1345 0 
1346 4 
1347 5 
1348 3 
1349 0 
1350 2 
1351 2 
1352 4 
1353 3 
1354 4 
1355 0 
1356 2 
1357 5 
1358 0 
1359 0 
1360 6 
1361 0 
1362 4 
1363 2 
1364 1 
1365 1 
1366 5 
1367 3 
1368 3 
1369 0 
1370 2 
1371 2 
1372 1 
1373 0 
1374 1 
1375 0 
1376 5 
1377 2 
1378 2 
1379 3 
1380 2 
1381 2 
1382 2 
1383 3 
1384 0 
1385 2 
1386 4 
1387 0 
1388 0 
1389 0 
1390 0 
1391 5 
1392 1 
1393 4 
1394 0 
1395 0 
1396 0 
1397 4 
1398 4 
1399 1 
1400 4 
1401 1 
1402 0 
1403 3 
1404 0 
1405 1 
1406 4 
1407 2 
1408 2 
1409 1 
1410 1 
1411 4 
1412 2 
1413 2 
1414 1 
1415 5 
1416 4 
1417 3 
1418 0 
1419 3 
1420 2 
1421 3 
1422 4 
1423 0 
1424 0 
1425 0 
1426 1 
1427 3 
1428 1 
1429 4 
1430 0 
1431 5 
1432 3 
1433 1 
1434 3 
1435 2 
1436 0 
1437 3 
1438 2 
1439 1 
1440 1 
1441 1 
1442 2 
1443 3 
1444 1 
1445 1 
1446 3 
1447 3 
1448 0 
1449 3 
1450 1 
1451 3 
1452 1 
1453 2 
1454 2 
1455 1 
1456 5 
1457 1 
1458 2 
1459 0 
1460 0 
1461 4 
1462 4 
1463 2 
1464 1 
1465 3 
1466 0 
1467 5 
1468 2 
1469 2 
1470 0 
1471 3 
1472 0 
1473 1 
1474 1 
1475 4 
1476 2 
1477 1 
1478 0 
1479 2 
1480 0 
1481 2 
1482 1 
1483 2 
1484 1 
1485 5 
1486 0 
1487 5 
1488 3 
1489 0 
1490 3 
1491 5 
1492 1 
1493 0 
1494 1 
1495 1 
1496 4 
1497 0 
1498 4 
1499 3 
1500 2 
1501 3 
1502 4 
1503 0 
1504 1 
1505 1 
1506 3 
1507 1 
1508 4 
1509 1 
1510 0 
1511 6 
1512 3 
1513 2 
1514 5 
1515 5 
1516 0 
1517 1 
1518 2 
1519 3 
1520 1 
1521 2 
1522 0 
1523 2 
1524 4 
1525 1 
1526 2 
1527 6 
1528 2 
1529 0 
1530 2 
1531 6 
1532 0 
1533 2 
1534 2 
1535 2 
1536 2 
1537 0 
1538 1 
1539 3 
1540 0 
1541 2 
1542 0 
1543 4 
1544 2 
1545 2 
1546 0 
1547 3 
1548 3 
1549 5 
1550 0 
1551 0 
1552 5 
1553 1 
1554 0 
1555 2 
1556 2 
1557 0 
1558 0 
1559 0 
1560 2 
1561 2 
1562 1 
1563 3 
1564 4 
1565 1 
1566 1 
1567 4 
1568 1 
1569 3 
1570 0 
1571 3 
1572 2 
1573 0 
1574 2 
1575 1 
1576 2 
1577 5 
1578 0 
1579 4 
1580 2 
1581 1 
1582 4 
1583 2 
1584 0 
1585 4 
1586 0 
1587 5 
1588 4 
1589 1 
1590 3 
1591 0 
1592 1 
1593 2 
1594 4 
1595 4 
1596 1 
1597 1 
1598 5 
1599 0 
1600 4 
1601 3 
1602 1 
1603 6 
1604 2 
1605 1 
1606 4 
1607 0 
1608 5 
1609 5 
1610 2 
1611 1 
1612 2 
1613 0 
1614 5 
1615 3 
1616 2 
1617 4 
1618 2 
1619 2 
1620 1 
1621 0 
1622 3 
1623 3 
1624 0 
1625 0 
1626 3 
1627 3 
1628 2 
1629 2 
1630 3 
1631 3 
1632 0 
1633 1 
1634 3 
1635 1 
1636 2 
1637 3 
1638 3 
1639 3 
1640 0 
1641 4 
1642 5 
1643 1 
1644 3 
1645 2 
1646 3 
1647 3 
1648 2 
1649 1 
1650 2 
1651 2 
1652 4 
1653 2 
1654 2 
1655 0 
1656 3 
1657 0 
1658 2 
1659 4 
1660 1 
1661 2 
1662 4 
1663 3 
1664 2 
1665 3 
1666 4 
1667 1 
1668 1 
1669 3 
1670 0 
1671 0 
1672 1 
1673 1 
1674 3 
1675 0 
1676 6 
1677 2 
1678 2 
1679 5 
1680 3 
1681 2 
1682 1 
1683 0 
1684 2 
1685 0 
1686 2 
1687 3 
1688 2 
1689 1 
1690 3 
1691 4 
1692 1 
1693 0 
1694 3 
1695 3 
1696 4 
1697 3 
1698 1 
1699 1 
1700 2 
1701 3 
1702 0 
1703 1 
1704 1 
1705 2 
1706 5 
1707 6 
1708 0 
1709 1 
1710 1 
1711 4 
1712 7 
1713 0 
1714 1 
1715 5 
1716 2 
1717 1 
1718 10 
1719 1 
1720 5 
1721 6 
1722 3 
1723 3 
1724 1 
1725 1 
1726 3 
1727 4 
1728 1 
1729 0 
1730 0 
1731 5 
1732 1 
1733 3 
1734 1 
1735 1 
1736 1 
1737 3 
1738 0 
1739 0 
1740 4 
1741 2 
1742 3 
1743 5 
1744 0 
1745 0 
1746 2 
1747 5 
1748 3 
1749 1 
1750 3 
1751 2 
1752 2 
1753 1 
1754 2 
1755 4 
1756 1 
1757 1 
1758 2 
1759 3 
1760 9 
1761 1 
1762 5 
1763 2 
1764 1 
1765 0 
1766 1 
1767 6 
1768 3 
1769 1 
1770 0 
1771 2 
1772 0 
1773 1 
1774 0 
1775 1 
1776 5 
1777 0 
1778 4 
1779 1 
1780 3 
1781 4 
1782 2 
1783 3 
1784 2 
1785 0 
1786 0 
1787 4 
1788 3 
1789 3 
1790 2 
1791 4 
1792 2 
1793 0 
1794 2 
1795 1 
1796 0 
1797 4 
1798 2 
1799 0 
1800 3 
1801 1 
1802 6 
1803 2 
1804 2 
1805 0 
1806 2 
1807 1 
1808 2 
1809 0 
1810 0 
1811 4 
1812 2 
1813 3 
1814 1 
1815 2 
1816 2 
1817 1 
1818 0 
1819 0 
1820 3 
1821 3 
1822 2 
1823 2 
1824 0 
1825 2 
1826 2 
1827 1 
1828 0 
1829 1 
1830 2 
1831 2 
1832 1 
1833 1 
1834 1 
1835 3 
1836 1 
1837 4 
1838 0 
1839 1 
1840 2 
1841 0 
1842 4 
1843 1 
1844 2 
1845 1 
1846 6 
1847 1 
1848 2 
1849 2 
1850 1 
1851 2 
1852 0 
1853 4 
1854 3 
1855 7 
1856 3 
1857 0 
1858 3 
1859 0 
1860 0 
1861 0 
1862 2 
1863 1 
1864 0 
1865 1 
1866 0 
1867 2 
1868 6 
1869 0 
1870 4 
1871 2 
1872 3 
1873 4 
1874 0 
1875 3 
1876 8 
1877 1 
1878 5 
1879 1 
1880 1 
1881 1 
1882 2 
1883 3 
1884 0 
1885 5 
1886 1 
1887 2 
1888 0 
1889 0 
1890 3 
1891 2 
1892 3 
1893 0 
1894 1 
1895 4 
1896 2 
1897 0 
1898 2 
1899 0 
1900 1 
1901 1 
1902 4 
1903 3 
1904 2 
1905 0 
1906 2 
1907 7 
1908 3 
1909 1 
1910 2 
1911 3 
1912 3 
1913 0 
1914 2 
1915 3 
1916 2 
1917 0 
1918 0 
1919 3 
1920 2 
1921 2 
1922 0 
1923 4 
1924 4 
1925 0 
1926 0 
1927 4 
1928 1 
1929 0 
1930 3 
1931 1 
1932 3 
1933 2 
1934 4 
1935 3 
1936 1 
1937 1 
1938 0 
1939 1 
1940 0 
1941 2 
1942 7 
1943 5 
1944 0 
1945 0 
1946 4 
1947 4 
1948 1 
1949 4 
1950 2 
1951 0 
1952 1 
1953 3 
1954 2 
1955 0 
1956 6 
1957 0 
1958 3 
1959 2 
1960 2 
1961 1 
1962 1 
1963 3 
1964 1 
1965 0 
1966 3 
1967 2 
1968 1 
1969 2 
1970 5 
1971 5 
1972 1 
1973 5 
1974 2 
1975 4 
1976 2 
1977 2 
1978 2 
1979 2 
1980 0 
1981 0 
1982 1 
1983 0 
1984 1 
1985 2 
1986 5 
1987 4 
1988 4 
1989 0 
1990 1 
1991 1 
1992 4 
1993 1 
1994 0 
1995 2 
1996 1 
1997 2 
1998 5 
1999 3 
